105
198 100
4 5
8 3
1 31
1000000000 99
98 99
2 1
201 100
1000000000 3
3 100
2 2
197 99
670528042 10
4 2
2 3
1000000000 100
999999999 100
3 6
197550894 70
6 2
1 100
198 99
593065517 43
4 7
313424185 10
783314473 84
997184809 100
195 99
7 2
273049978 17
102 100
3 1
2 99
412538846 2
4 8
1000000000 2
6 3
1000000000 40
1000000000 1
196 99
3 3
102 99
894606664 83
3 99
1 99
101 99
558689828 44
199 100
128124448 100
5 2
4 6
114382 1
3 5
138 6
1 73
59243198 88
2 5
100 100
4 9
3 2
538816732 85
5 3
98 100
4 3
1 1
27387596 54
1000000000 94
146755893 1
692322617 52
236088977 100
200 100
7 3
97 99
999999999 2
99 100
201 99
2 100
999999999 1
671654092 96
524548163 21
417021999 1
200 99
96 99
5 1
1 10
97 100
4 1
3 4
3 7
4 4
2 4
99 99
999999999 3
101 100
100 99
9 3
197 100
999999999 99
203 100
202 100
1 3
199 99
103 100
1 2
876389147 87
