Case #1: 0
Case #2: 2
1 3
2 3
Case #3: 3
1 3
2 4
3 4
Case #4: -1
Case #5: -1
Case #6: -1
Case #7: -1
Case #8: 89
1 52
2 43
4 24
5 100
6 24
7 35
8 86
10 48
11 95
12 14
13 88
14 49
15 35
16 91
17 90
18 60
19 96
20 83
22 86
24 23
25 89
26 98
27 26
28 23
29 89
30 43
31 83
32 44
33 2
34 52
35 23
36 63
37 80
38 71
39 47
40 96
41 86
42 23
43 28
44 23
45 88
46 24
47 77
48 89
49 57
51 79
52 77
53 44
54 44
55 83
57 98
58 49
59 44
60 23
61 76
62 48
63 23
64 95
65 35
66 67
68 82
69 23
71 61
72 24
73 28
74 23
75 19
76 83
77 26
79 49
80 24
81 47
82 83
84 70
85 60
86 69
87 82
88 76
89 23
90 23
91 26
92 23
93 31
94 90
95 76
96 23
97 86
99 70
100 44
Case #9: -1
